# Ruins data management file. Below, you see all data accumulated by AtomicStrykers Ruins during the last run of this World.
# Data is noted as follows: Each line stands for one successfull Ruin spawn. Data syntax is:
# xMin yMin zMin xMax yMax zMax templateName
# everything but the last value is an integer value. Template name equals the template file name.
#
# DO NOT EDIT THIS FILE UNLESS YOU ARE SURE OF WHAT YOU ARE DOING
#
# The primary function of this file is to lock areas you do not want Ruins spawning in. Put them here before worldgen.
# It should also prevent Ruins re-spawning under any circumstances. Areas registered in here block any overlapping new Ruins.
# Empty lines and those prefixed by '#' are ignored by the parser. Don't save notes in here, file gets wiped upon flushing.
#
-1553 64 1248 -1537 68 1264 dune3.tml
-1540 64 1256 -1524 68 1272 dune4.tml
-1515 64 1284 -1499 69 1300 dune2.tml
-1513 64 1293 -1497 69 1309 dune2.tml
-1497 64 1320 -1481 68 1336 dune3.tml
-1496 64 1337 -1480 68 1353 dune5.tml
-1480 64 1338 -1464 68 1354 dune4.tml
-1459 64 1380 -1443 68 1396 dune3.tml
-1457 64 1390 -1441 68 1406 dune3.tml
-1447 64 1403 -1431 68 1419 dune5.tml
-1434 64 1344 -1418 68 1360 dune5.tml
-1433 64 1207 -1417 68 1223 dune5.tml
-1430 64 1355 -1414 68 1371 dune3.tml
-1425 64 1214 -1409 69 1230 dune2.tml
-1415 64 1363 -1399 68 1379 dune3.tml
-1413 64 1223 -1397 68 1239 dune4.tml
-1406 64 1509 -1390 93 1525 ravine.tml
-1405 64 1413 -1389 68 1429 dune4.tml
-1401 64 1542 -1385 69 1558 dune2.tml
-1400 64 1373 -1384 68 1389 dune3.tml
-1396 64 1222 -1380 68 1238 dune5.tml
-1392 64 1680 -1376 68 1696 dune3.tml
-1392 64 1631 -1376 68 1647 dune3.tml
-1392 64 1609 -1376 68 1625 dune3.tml
-1392 64 1155 -1376 68 1171 dune3.tml
-1391 64 1712 -1375 69 1728 dune2.tml
-1390 64 1478 -1374 68 1494 dune4.tml
-1388 64 1166 -1372 69 1182 dune2.tml
-1387 64 1226 -1371 68 1242 dune4.tml
-1379 64 1476 -1363 68 1492 dune3.tml
-1379 64 1326 -1363 68 1342 dune3.tml
-1379 64 1241 -1363 68 1257 dune3.tml
-1377 64 1181 -1361 69 1197 dune2.tml
-1377 64 1410 -1361 68 1426 dune4.tml
-1374 64 1192 -1358 68 1208 dune3.tml
-1373 64 1445 -1357 68 1461 dune3.tml
-1371 64 1568 -1355 68 1584 dune5.tml
-1369 64 1380 -1358 95 1390 diamond.tml
-1366 64 1414 -1350 69 1430 dune2.tml
-1364 64 1244 -1353 93 1254 iron.tml
-1360 64 1713 -1344 68 1729 dune5.tml
-1360 64 1624 -1344 68 1640 dune3.tml
-1359 64 1661 -1343 68 1677 dune5.tml
-1358 64 1261 -1342 68 1277 dune5.tml
-1357 64 1508 -1341 68 1524 dune3.tml
-1349 64 1733 -1333 69 1749 dune2.tml
-1349 64 1352 -1333 93 1368 ravine.tml
-1345 64 1351 -1329 68 1367 dune4.tml
-1345 64 1285 -1329 68 1301 dune5.tml
-1345 64 1571 -1329 69 1587 dune2.tml
-1344 64 1473 -1328 68 1489 dune3.tml
-1339 64 1170 -1323 68 1186 dune5.tml
-1338 64 1320 -1322 69 1336 dune2.tml
-1334 64 1735 -1318 68 1751 dune3.tml
-1334 64 1205 -1318 68 1221 dune3.tml
-1329 64 1474 -1313 68 1490 dune5.tml
-1328 64 1427 -1314 69 1449 dunez.tml
-1328 64 1665 -1312 68 1681 dune3.tml
-1327 64 1696 -1311 68 1712 dune5.tml
-1324 64 1251 -1308 68 1267 dune5.tml
-1321 64 1510 -1305 68 1526 dune4.tml
-1321 64 1386 -1305 68 1402 dune3.tml
-1319 64 1174 -1303 69 1190 dune2.tml
-1293 64 1739 -1277 69 1755 dune2.tml
-1274 64 1780 -1258 68 1796 dune4.tml
-1265 64 1155 -1249 68 1171 dune4.tml
-1259 64 1107 -1243 69 1123 dune2.tml
-1251 64 1114 -1235 68 1130 dune4.tml
-1236 64 1130 -1220 68 1146 dune4.tml
-1216 64 1774 -1200 68 1790 dune4.tml
-1200 64 1116 -1184 69 1132 dune2.tml
-1195 64 1148 -1179 69 1164 dune2.tml
-1190 64 1128 -1174 68 1144 dune4.tml
-1183 64 1782 -1172 93 1792 iron.tml
-1162 64 1155 -1146 68 1171 dune4.tml
-1157 64 1773 -1141 68 1789 dune3.tml
-1140 64 1155 -1124 68 1171 dune3.tml
-1121 64 1151 -1105 69 1167 dune2.tml
-1119 64 1770 -1103 68 1786 dune3.tml
-1108 64 1782 -1092 69 1798 dune2.tml
-1093 64 1778 -1077 68 1794 dune4.tml
-1088 64 1119 -1072 68 1135 dune5.tml
-1079 64 1777 -1063 68 1793 dune5.tml
-1075 64 1131 -1065 93 1142 iron.tml
-1045 64 1779 -1029 69 1795 dune2.tml
-1023 64 1156 -1007 68 1172 dune4.tml
-992 64 1778 -976 68 1794 dune5.tml
-991 64 1159 -975 68 1175 dune4.tml
-978 64 1152 -956 69 1166 dunez.tml
-939 64 1778 -923 69 1794 dune2.tml
-938 64 1158 -922 68 1174 dune3.tml
-908 64 1783 -897 95 1793 quart.tml
-878 64 1759 -862 68 1775 dune4.tml
-727 64 1282 -711 68 1298 dune3.tml
-727 64 1346 -711 68 1362 dune4.tml
-725 64 1235 -709 93 1251 ravine.tml
-722 64 1314 -706 68 1330 dune4.tml
-719 64 1502 -703 69 1518 dune2.tml
-719 64 1587 -703 68 1603 dune3.tml
-718 64 1353 -702 69 1369 dune2.tml
-717 64 1649 -701 68 1665 dune3.tml
-717 64 1697 -701 68 1713 dune5.tml
-716 64 1411 -700 69 1427 dune2.tml
-716 64 1243 -700 69 1259 dune2.tml
-715 64 1544 -699 68 1560 dune3.tml
-715 64 1611 -699 69 1627 dune2.tml
-715 64 1443 -699 68 1459 dune4.tml
-714 64 1592 -698 69 1608 dune2.tml
-713 64 1533 -697 69 1549 dune2.tml
-713 64 1453 -697 68 1469 dune3.tml
