# Ruins data management file. Below, you see all data accumulated by AtomicStrykers Ruins during the last run of this World.
# Data is noted as follows: Each line stands for one successfull Ruin spawn. Data syntax is:
# xMin yMin zMin xMax yMax zMax templateName
# everything but the last value is an integer value. Template name equals the template file name.
#
# DO NOT EDIT THIS FILE UNLESS YOU ARE SURE OF WHAT YOU ARE DOING
#
# The primary function of this file is to lock areas you do not want Ruins spawning in. Put them here before worldgen.
# It should also prevent Ruins re-spawning under any circumstances. Areas registered in here block any overlapping new Ruins.
# Empty lines and those prefixed by '#' are ignored by the parser. Don't save notes in here, file gets wiped upon flushing.
#
-1553 64 1248 -1537 68 1264 dune3.tml
-1540 64 1256 -1524 68 1272 dune4.tml
-1515 64 1284 -1499 69 1300 dune2.tml
-1513 64 1293 -1497 69 1309 dune2.tml
-1497 64 1320 -1481 68 1336 dune3.tml
-1496 64 1337 -1480 68 1353 dune5.tml
-1480 64 1338 -1464 68 1354 dune4.tml
-1459 64 1380 -1443 68 1396 dune3.tml
-1457 64 1390 -1441 68 1406 dune3.tml
-1447 64 1403 -1431 68 1419 dune5.tml
-1434 64 1344 -1418 68 1360 dune5.tml
-1433 64 1207 -1417 68 1223 dune5.tml
-1430 64 1355 -1414 68 1371 dune3.tml
-1425 64 1214 -1409 69 1230 dune2.tml
-1415 64 1363 -1399 68 1379 dune3.tml
-1413 64 1223 -1397 68 1239 dune4.tml
-1406 64 1509 -1390 93 1525 ravine.tml
-1405 64 1413 -1389 68 1429 dune4.tml
-1401 64 1542 -1385 69 1558 dune2.tml
-1400 64 1373 -1384 68 1389 dune3.tml
-1396 64 1222 -1380 68 1238 dune5.tml
-1392 64 1155 -1376 68 1171 dune3.tml
-1392 64 1609 -1376 68 1625 dune3.tml
-1392 64 1631 -1376 68 1647 dune3.tml
-1392 64 1680 -1376 68 1696 dune3.tml
-1391 64 1712 -1375 69 1728 dune2.tml
-1390 64 1478 -1374 68 1494 dune4.tml
-1388 64 1166 -1372 69 1182 dune2.tml
-1387 64 1226 -1371 68 1242 dune4.tml
-1379 64 1241 -1363 68 1257 dune3.tml
-1379 64 1326 -1363 68 1342 dune3.tml
-1379 64 1476 -1363 68 1492 dune3.tml
-1377 64 1410 -1361 68 1426 dune4.tml
-1377 64 1181 -1361 69 1197 dune2.tml
-1374 64 1192 -1358 68 1208 dune3.tml
-1373 64 1445 -1357 68 1461 dune3.tml
-1371 64 1568 -1355 68 1584 dune5.tml
-1369 64 1380 -1358 95 1390 diamond.tml
-1366 64 1414 -1350 69 1430 dune2.tml
-1364 64 1244 -1353 93 1254 iron.tml
-1360 64 1624 -1344 68 1640 dune3.tml
-1360 64 1713 -1344 68 1729 dune5.tml
-1359 64 1661 -1343 68 1677 dune5.tml
-1358 64 1261 -1342 68 1277 dune5.tml
-1357 64 1508 -1341 68 1524 dune3.tml
-1349 64 1352 -1333 93 1368 ravine.tml
-1349 64 1733 -1333 69 1749 dune2.tml
-1345 64 1571 -1329 69 1587 dune2.tml
-1345 64 1285 -1329 68 1301 dune5.tml
-1345 64 1351 -1329 68 1367 dune4.tml
-1344 64 1473 -1328 68 1489 dune3.tml
-1339 64 1170 -1323 68 1186 dune5.tml
-1338 64 1320 -1322 69 1336 dune2.tml
-1334 64 1205 -1318 68 1221 dune3.tml
-1334 64 1735 -1318 68 1751 dune3.tml
-1329 64 1474 -1313 68 1490 dune5.tml
-1328 64 1665 -1312 68 1681 dune3.tml
-1328 64 1427 -1314 69 1449 dunez.tml
-1327 64 1696 -1311 68 1712 dune5.tml
-1324 64 1251 -1308 68 1267 dune5.tml
-1321 64 1386 -1305 68 1402 dune3.tml
-1321 64 1510 -1305 68 1526 dune4.tml
-1319 64 1174 -1303 69 1190 dune2.tml
-1293 64 1739 -1277 69 1755 dune2.tml
-1265 64 1155 -1249 68 1171 dune4.tml
-1259 64 1107 -1243 69 1123 dune2.tml
-1251 64 1114 -1235 68 1130 dune4.tml
-1236 64 1130 -1220 68 1146 dune4.tml
-1200 64 1116 -1184 69 1132 dune2.tml
-1195 64 1148 -1179 69 1164 dune2.tml
-1190 64 1128 -1174 68 1144 dune4.tml
-1162 64 1155 -1146 68 1171 dune4.tml
-1140 64 1155 -1124 68 1171 dune3.tml
-1121 64 1151 -1105 69 1167 dune2.tml
-1088 64 1119 -1072 68 1135 dune5.tml
-1075 64 1131 -1065 93 1142 iron.tml
-1059 64 1072 -1043 68 1088 dune3.tml
-1053 64 1083 -1037 68 1099 dune5.tml
-1049 64 1100 -1033 68 1116 dune4.tml
-1029 64 1107 -1013 68 1123 dune4.tml
-1023 64 1156 -1007 68 1172 dune4.tml
-991 64 1159 -975 68 1175 dune4.tml
-991 64 1103 -975 93 1119 ravine.tml
-978 64 1152 -956 69 1166 dunez.tml
-961 64 1106 -945 68 1122 dune3.tml
-957 64 929 -941 68 945 dune3.tml
-951 64 936 -935 68 952 dune5.tml
-944 64 836 -933 93 846 iron.tml
-939 64 1131 -928 95 1141 quart.tml
-938 64 1158 -922 68 1174 dune3.tml
-932 64 950 -916 68 966 dune5.tml
-920 64 896 -904 69 912 dune2.tml
-920 65 1102 -904 70 1118 dune2.tml
-916 64 825 -875 156 863 volcano2.tml
-911 64 806 -895 68 822 dune4.tml
-911 64 809 -895 69 825 dune2.tml
-905 64 905 -889 68 921 dune3.tml
-897 64 1117 -881 68 1133 dune5.tml
-888 64 1084 -872 69 1100 dune2.tml
-878 64 883 -867 91 893 osmium.tml
-877 64 981 -861 69 997 dune2.tml
-875 64 944 -859 69 960 dune2.tml
-864 64 1114 -848 68 1130 dune4.tml
-853 64 1123 -837 68 1139 dune4.tml
-848 64 881 -832 68 897 dune5.tml
-835 64 919 -819 68 935 dune5.tml
-832 64 848 -822 91 859 osmium.tml
-830 64 1058 -814 68 1074 dune5.tml
-827 64 878 -780 136 927 bloodaltar2.tml
-814 64 872 -798 69 888 dune2.tml
-812 64 1108 -796 68 1124 dune3.tml
-806 64 1067 -790 68 1083 dune5.tml
-804 64 946 -788 68 962 dune3.tml
-802 64 834 -786 68 850 dune5.tml
-799 64 841 -783 68 857 dune4.tml
-795 64 971 -779 93 987 ravine.tml
-794 64 1142 -778 68 1158 dune5.tml
-787 64 983 -771 68 999 dune4.tml
-784 64 909 -768 69 925 dune2.tml
-782 64 801 -766 68 817 dune4.tml
-780 64 1001 -764 69 1017 dune2.tml
-778 64 1040 -762 68 1056 dune4.tml
-775 64 920 -759 93 936 ravine.tml
-774 64 951 -758 68 967 dune3.tml
-773 64 1102 -757 68 1118 dune4.tml
-771 64 1077 -760 93 1087 iron.tml
-769 64 813 -753 68 829 dune4.tml
-766 64 825 -750 68 841 dune3.tml
-766 64 843 -750 68 859 dune4.tml
-764 64 876 -748 68 892 dune4.tml
-763 64 859 -747 68 875 dune4.tml
-756 64 990 -740 69 1006 dune2.tml
-756 64 1009 -740 93 1025 ravine.tml
-745 64 1131 -729 68 1147 dune3.tml
-742 64 1054 -726 68 1070 dune4.tml
-741 64 1021 -725 68 1037 dune5.tml
-741 64 1092 -725 68 1108 dune4.tml
-736 64 909 -720 69 925 dune2.tml
-736 64 803 -720 68 819 dune4.tml
-733 64 925 -717 68 941 dune5.tml
-731 64 831 -715 68 847 dune3.tml
-729 64 813 -713 68 829 dune5.tml
-727 64 1346 -711 68 1362 dune4.tml
-727 64 1282 -711 68 1298 dune3.tml
-726 64 846 -716 91 857 osmium.tml
-725 64 1235 -709 93 1251 ravine.tml
-725 64 990 -709 68 1006 dune4.tml
-722 64 1314 -706 68 1330 dune4.tml
-722 64 979 -706 68 995 dune3.tml
-719 64 1587 -703 68 1603 dune3.tml
-719 64 1502 -703 69 1518 dune2.tml
-718 64 1353 -702 69 1369 dune2.tml
-717 64 1697 -701 68 1713 dune5.tml
-717 64 1649 -701 68 1665 dune3.tml
-716 64 1243 -700 69 1259 dune2.tml
-716 64 1411 -700 69 1427 dune2.tml
-715 64 1443 -699 68 1459 dune4.tml
-715 64 1611 -699 69 1627 dune2.tml
-715 64 1544 -699 68 1560 dune3.tml
-714 64 1592 -698 69 1608 dune2.tml
-713 64 1453 -697 68 1469 dune3.tml
-713 64 1533 -697 69 1549 dune2.tml
-709 64 999 -693 69 1015 dune2.tml
-699 64 931 -683 68 947 dune4.tml
-693 64 1038 -677 68 1054 dune3.tml
-690 64 953 -674 68 969 dune5.tml
-681 64 973 -665 68 989 dune5.tml
-678 64 1007 -668 93 1018 iron.tml
